TP=4096 NF=50 NC=50 NR=7500 NP=8
0
10000
20000
4
10004
20004
8
10008
20008
12
10012
20012
16
10016
20016
20
10020
20020
24
10024
20024
28
10028
20028
32
10032
20032
36
10036
20036
40
10040
20040
44
10044
20044
48
10048
20048
52
10052
20052
56
10056
20056
60
10060
20060
64
10064
20064
68
10068
20068
72
10072
20072
76
10076
20076
80
10080
20080
84
10084
20084
88
10088
20088
92
10092
20092
96
10096
20096
100
10100
20100
104
10104
20104
108
10108
20108
112
10112
20112
116
10116
20116
120
10120
20120
124
10124
20124
128
10128
20128
132
10132
20132
136
10136
20136
140
10140
20140
144
10144
20144
148
10148
20148
152
10152
20152
156
10156
20156
160
10160
20160
164
10164
20164
168
10168
20168
172
10172
20172
176
10176
20176
180
10180
20180
184
10184
20184
188
10188
20188
192
10192
20192
196
10196
20196
200
10200
20200
204
10204
20204
208
10208
20208
212
10212
20212
216
10216
20216
220
10220
20220
224
10224
20224
228
10228
20228
232
10232
20232
236
10236
20236
240
10240
20240
244
10244
20244
248
10248
20248
252
10252
20252
256
10256
20256
260
10260
20260
264
10264
20264
268
10268
20268
272
10272
20272
276
10276
20276
280
10280
20280
284
10284
20284
288
10288
20288
292
10292
20292
296
10296
20296
300
10300
20300
304
10304
20304
308
10308
20308
312
10312
20312
316
10316
20316
320
10320
20320
324
10324
20324
328
10328
20328
332
10332
20332
336
10336
20336
340
10340
20340
344
10344
20344
348
10348
20348
352
10352
20352
356
10356
20356
360
10360
20360
364
10364
20364
368
10368
20368
372
10372
20372
376
10376
20376
380
10380
20380
384
10384
20384
388
10388
20388
392
10392
20392
396
10396
20396
400
10400
20400
404
10404
20404
408
10408
20408
412
10412
20412
416
10416
20416
420
10420
20420
424
10424
20424
428
10428
20428
432
10432
20432
436
10436
20436
440
10440
20440
444
10444
20444
448
10448
20448
452
10452
20452
456
10456
20456
460
10460
20460
464
10464
20464
468
10468
20468
472
10472
20472
476
10476
20476
480
10480
20480
484
10484
20484
488
10488
20488
492
10492
20492
496
10496
20496
500
10500
20500
504
10504
20504
508
10508
20508
512
10512
20512
516
10516
20516
520
10520
20520
524
10524
20524
528
10528
20528
532
10532
20532
536
10536
20536
540
10540
20540
544
10544
20544
548
10548
20548
552
10552
20552
556
10556
20556
560
10560
20560
564
10564
20564
568
10568
20568
572
10572
20572
576
10576
20576
580
10580
20580
584
10584
20584
588
10588
20588
592
10592
20592
596
10596
20596
600
10600
20600
604
10604
20604
608
10608
20608
612
10612
20612
616
10616
20616
620
10620
20620
624
10624
20624
628
10628
20628
632
10632
20632
636
10636
20636
640
10640
20640
644
10644
20644
648
10648
20648
652
10652
20652
656
10656
20656
660
10660
20660
664
10664
20664
668
10668
20668
672
10672
20672
676
10676
20676
680
10680
20680
684
10684
20684
688
10688
20688
692
10692
20692
696
10696
20696
700
10700
20700
704
10704
20704
708
10708
20708
712
10712
20712
716
10716
20716
720
10720
20720
724
10724
20724
728
10728
20728
732
10732
20732
736
10736
20736
740
10740
20740
744
10744
20744
748
10748
20748
752
10752
20752
756
10756
20756
760
10760
20760
764
10764
20764
768
10768
20768
772
10772
20772
776
10776
20776
780
10780
20780
784
10784
20784
788
10788
20788
792
10792
20792
796
10796
20796
800
10800
20800
804
10804
20804
808
10808
20808
812
10812
20812
816
10816
20816
820
10820
20820
824
10824
20824
828
10828
20828
832
10832
20832
836
10836
20836
840
10840
20840
844
10844
20844
848
10848
20848
852
10852
20852
856
10856
20856
860
10860
20860
864
10864
20864
868
10868
20868
872
10872
20872
876
10876
20876
880
10880
20880
884
10884
20884
888
10888
20888
892
10892
20892
896
10896
20896
900
10900
20900
904
10904
20904
908
10908
20908
912
10912
20912
916
10916
20916
920
10920
20920
924
10924
20924
928
10928
20928
932
10932
20932
936
10936
20936
940
10940
20940
944
10944
20944
948
10948
20948
952
10952
20952
956
10956
20956
960
10960
20960
964
10964
20964
968
10968
20968
972
10972
20972
976
10976
20976
980
10980
20980
984
10984
20984
988
10988
20988
992
10992
20992
996
10996
20996
1000
11000
21000
1004
11004
21004
1008
11008
21008
1012
11012
21012
1016
11016
21016
1020
11020
21020
1024
11024
21024
1028
11028
21028
1032
11032
21032
1036
11036
21036
1040
11040
21040
1044
11044
21044
1048
11048
21048
1052
11052
21052
1056
11056
21056
1060
11060
21060
1064
11064
21064
1068
11068
21068
1072
11072
21072
1076
11076
21076
1080
11080
21080
1084
11084
21084
1088
11088
21088
1092
11092
21092
1096
11096
21096
1100
11100
21100
1104
11104
21104
1108
11108
21108
1112
11112
21112
1116
11116
21116
1120
11120
21120
1124
11124
21124
1128
11128
21128
1132
11132
21132
1136
11136
21136
1140
11140
21140
1144
11144
21144
1148
11148
21148
1152
11152
21152
1156
11156
21156
1160
11160
21160
1164
11164
21164
1168
11168
21168
1172
11172
21172
1176
11176
21176
1180
11180
21180
1184
11184
21184
1188
11188
21188
1192
11192
21192
1196
11196
21196
1200
11200
21200
1204
11204
21204
1208
11208
21208
1212
11212
21212
1216
11216
21216
1220
11220
21220
1224
11224
21224
1228
11228
21228
1232
11232
21232
1236
11236
21236
1240
11240
21240
1244
11244
21244
1248
11248
21248
1252
11252
21252
1256
11256
21256
1260
11260
21260
1264
11264
21264
1268
11268
21268
1272
11272
21272
1276
11276
21276
1280
11280
21280
1284
11284
21284
1288
11288
21288
1292
11292
21292
1296
11296
21296
1300
11300
21300
1304
11304
21304
1308
11308
21308
1312
11312
21312
1316
11316
21316
1320
11320
21320
1324
11324
21324
1328
11328
21328
1332
11332
21332
1336
11336
21336
1340
11340
21340
1344
11344
21344
1348
11348
21348
1352
11352
21352
1356
11356
21356
1360
11360
21360
1364
11364
21364
1368
11368
21368
1372
11372
21372
1376
11376
21376
1380
11380
21380
1384
11384
21384
1388
11388
21388
1392
11392
21392
1396
11396
21396
1400
11400
21400
1404
11404
21404
1408
11408
21408
1412
11412
21412
1416
11416
21416
1420
11420
21420
1424
11424
21424
1428
11428
21428
1432
11432
21432
1436
11436
21436
1440
11440
21440
1444
11444
21444
1448
11448
21448
1452
11452
21452
1456
11456
21456
1460
11460
21460
1464
11464
21464
1468
11468
21468
1472
11472
21472
1476
11476
21476
1480
11480
21480
1484
11484
21484
1488
11488
21488
1492
11492
21492
1496
11496
21496
1500
11500
21500
1504
11504
21504
1508
11508
21508
1512
11512
21512
1516
11516
21516
1520
11520
21520
1524
11524
21524
1528
11528
21528
1532
11532
21532
1536
11536
21536
1540
11540
21540
1544
11544
21544
1548
11548
21548
1552
11552
21552
1556
11556
21556
1560
11560
21560
1564
11564
21564
1568
11568
21568
1572
11572
21572
1576
11576
21576
1580
11580
21580
1584
11584
21584
1588
11588
21588
1592
11592
21592
1596
11596
21596
1600
11600
21600
1604
11604
21604
1608
11608
21608
1612
11612
21612
1616
11616
21616
1620
11620
21620
1624
11624
21624
1628
11628
21628
1632
11632
21632
1636
11636
21636
1640
11640
21640
1644
11644
21644
1648
11648
21648
1652
11652
21652
1656
11656
21656
1660
11660
21660
1664
11664
21664
1668
11668
21668
1672
11672
21672
1676
11676
21676
1680
11680
21680
1684
11684
21684
1688
11688
21688
1692
11692
21692
1696
11696
21696
1700
11700
21700
1704
11704
21704
1708
11708
21708
1712
11712
21712
1716
11716
21716
1720
11720
21720
1724
11724
21724
1728
11728
21728
1732
11732
21732
1736
11736
21736
1740
11740
21740
1744
11744
21744
1748
11748
21748
1752
11752
21752
1756
11756
21756
1760
11760
21760
1764
11764
21764
1768
11768
21768
1772
11772
21772
1776
11776
21776
1780
11780
21780
1784
11784
21784
1788
11788
21788
1792
11792
21792
1796
11796
21796
1800
11800
21800
1804
11804
21804
1808
11808
21808
1812
11812
21812
1816
11816
21816
1820
11820
21820
1824
11824
21824
1828
11828
21828
1832
11832
21832
1836
11836
21836
1840
11840
21840
1844
11844
21844
1848
11848
21848
1852
11852
21852
1856
11856
21856
1860
11860
21860
1864
11864
21864
1868
11868
21868
1872
11872
21872
1876
11876
21876
1880
11880
21880
1884
11884
21884
1888
11888
21888
1892
11892
21892
1896
11896
21896
1900
11900
21900
1904
11904
21904
1908
11908
21908
1912
11912
21912
1916
11916
21916
1920
11920
21920
1924
11924
21924
1928
11928
21928
1932
11932
21932
1936
11936
21936
1940
11940
21940
1944
11944
21944
1948
11948
21948
1952
11952
21952
1956
11956
21956
1960
11960
21960
1964
11964
21964
1968
11968
21968
1972
11972
21972
1976
11976
21976
1980
11980
21980
1984
11984
21984
1988
11988
21988
1992
11992
21992
1996
11996
21996
2000
12000
22000
2004
12004
22004
2008
12008
22008
2012
12012
22012
2016
12016
22016
2020
12020
22020
2024
12024
22024
2028
12028
22028
2032
12032
22032
2036
12036
22036
2040
12040
22040
2044
12044
22044
2048
12048
22048
2052
12052
22052
2056
12056
22056
2060
12060
22060
2064
12064
22064
2068
12068
22068
2072
12072
22072
2076
12076
22076
2080
12080
22080
2084
12084
22084
2088
12088
22088
2092
12092
22092
2096
12096
22096
2100
12100
22100
2104
12104
22104
2108
12108
22108
2112
12112
22112
2116
12116
22116
2120
12120
22120
2124
12124
22124
2128
12128
22128
2132
12132
22132
2136
12136
22136
2140
12140
22140
2144
12144
22144
2148
12148
22148
2152
12152
22152
2156
12156
22156
2160
12160
22160
2164
12164
22164
2168
12168
22168
2172
12172
22172
2176
12176
22176
2180
12180
22180
2184
12184
22184
2188
12188
22188
2192
12192
22192
2196
12196
22196
2200
12200
22200
2204
12204
22204
2208
12208
22208
2212
12212
22212
2216
12216
22216
2220
12220
22220
2224
12224
22224
2228
12228
22228
2232
12232
22232
2236
12236
22236
2240
12240
22240
2244
12244
22244
2248
12248
22248
2252
12252
22252
2256
12256
22256
2260
12260
22260
2264
12264
22264
2268
12268
22268
2272
12272
22272
2276
12276
22276
2280
12280
22280
2284
12284
22284
2288
12288
22288
2292
12292
22292
2296
12296
22296
2300
12300
22300
2304
12304
22304
2308
12308
22308
2312
12312
22312
2316
12316
22316
2320
12320
22320
2324
12324
22324
2328
12328
22328
2332
12332
22332
2336
12336
22336
2340
12340
22340
2344
12344
22344
2348
12348
22348
2352
12352
22352
2356
12356
22356
2360
12360
22360
2364
12364
22364
2368
12368
22368
2372
12372
22372
2376
12376
22376
2380
12380
22380
2384
12384
22384
2388
12388
22388
2392
12392
22392
2396
12396
22396
2400
12400
22400
2404
12404
22404
2408
12408
22408
2412
12412
22412
2416
12416
22416
2420
12420
22420
2424
12424
22424
2428
12428
22428
2432
12432
22432
2436
12436
22436
2440
12440
22440
2444
12444
22444
2448
12448
22448
2452
12452
22452
2456
12456
22456
2460
12460
22460
2464
12464
22464
2468
12468
22468
2472
12472
22472
2476
12476
22476
2480
12480
22480
2484
12484
22484
2488
12488
22488
2492
12492
22492
2496
12496
22496
2500
12500
22500
2504
12504
22504
2508
12508
22508
2512
12512
22512
2516
12516
22516
2520
12520
22520
2524
12524
22524
2528
12528
22528
2532
12532
22532
2536
12536
22536
2540
12540
22540
2544
12544
22544
2548
12548
22548
2552
12552
22552
2556
12556
22556
2560
12560
22560
2564
12564
22564
2568
12568
22568
2572
12572
22572
2576
12576
22576
2580
12580
22580
2584
12584
22584
2588
12588
22588
2592
12592
22592
2596
12596
22596
2600
12600
22600
2604
12604
22604
2608
12608
22608
2612
12612
22612
2616
12616
22616
2620
12620
22620
2624
12624
22624
2628
12628
22628
2632
12632
22632
2636
12636
22636
2640
12640
22640
2644
12644
22644
2648
12648
22648
2652
12652
22652
2656
12656
22656
2660
12660
22660
2664
12664
22664
2668
12668
22668
2672
12672
22672
2676
12676
22676
2680
12680
22680
2684
12684
22684
2688
12688
22688
2692
12692
22692
2696
12696
22696
2700
12700
22700
2704
12704
22704
2708
12708
22708
2712
12712
22712
2716
12716
22716
2720
12720
22720
2724
12724
22724
2728
12728
22728
2732
12732
22732
2736
12736
22736
2740
12740
22740
2744
12744
22744
2748
12748
22748
2752
12752
22752
2756
12756
22756
2760
12760
22760
2764
12764
22764
2768
12768
22768
2772
12772
22772
2776
12776
22776
2780
12780
22780
2784
12784
22784
2788
12788
22788
2792
12792
22792
2796
12796
22796
2800
12800
22800
2804
12804
22804
2808
12808
22808
2812
12812
22812
2816
12816
22816
2820
12820
22820
2824
12824
22824
2828
12828
22828
2832
12832
22832
2836
12836
22836
2840
12840
22840
2844
12844
22844
2848
12848
22848
2852
12852
22852
2856
12856
22856
2860
12860
22860
2864
12864
22864
2868
12868
22868
2872
12872
22872
2876
12876
22876
2880
12880
22880
2884
12884
22884
2888
12888
22888
2892
12892
22892
2896
12896
22896
2900
12900
22900
2904
12904
22904
2908
12908
22908
2912
12912
22912
2916
12916
22916
2920
12920
22920
2924
12924
22924
2928
12928
22928
2932
12932
22932
2936
12936
22936
2940
12940
22940
2944
12944
22944
2948
12948
22948
2952
12952
22952
2956
12956
22956
2960
12960
22960
2964
12964
22964
2968
12968
22968
2972
12972
22972
2976
12976
22976
2980
12980
22980
2984
12984
22984
2988
12988
22988
2992
12992
22992
2996
12996
22996
3000
13000
23000
3004
13004
23004
3008
13008
23008
3012
13012
23012
3016
13016
23016
3020
13020
23020
3024
13024
23024
3028
13028
23028
3032
13032
23032
3036
13036
23036
3040
13040
23040
3044
13044
23044
3048
13048
23048
3052
13052
23052
3056
13056
23056
3060
13060
23060
3064
13064
23064
3068
13068
23068
3072
13072
23072
3076
13076
23076
3080
13080
23080
3084
13084
23084
3088
13088
23088
3092
13092
23092
3096
13096
23096
3100
13100
23100
3104
13104
23104
3108
13108
23108
3112
13112
23112
3116
13116
23116
3120
13120
23120
3124
13124
23124
3128
13128
23128
3132
13132
23132
3136
13136
23136
3140
13140
23140
3144
13144
23144
3148
13148
23148
3152
13152
23152
3156
13156
23156
3160
13160
23160
3164
13164
23164
3168
13168
23168
3172
13172
23172
3176
13176
23176
3180
13180
23180
3184
13184
23184
3188
13188
23188
3192
13192
23192
3196
13196
23196
3200
13200
23200
3204
13204
23204
3208
13208
23208
3212
13212
23212
3216
13216
23216
3220
13220
23220
3224
13224
23224
3228
13228
23228
3232
13232
23232
3236
13236
23236
3240
13240
23240
3244
13244
23244
3248
13248
23248
3252
13252
23252
3256
13256
23256
3260
13260
23260
3264
13264
23264
3268
13268
23268
3272
13272
23272
3276
13276
23276
3280
13280
23280
3284
13284
23284
3288
13288
23288
3292
13292
23292
3296
13296
23296
3300
13300
23300
3304
13304
23304
3308
13308
23308
3312
13312
23312
3316
13316
23316
3320
13320
23320
3324
13324
23324
3328
13328
23328
3332
13332
23332
3336
13336
23336
3340
13340
23340
3344
13344
23344
3348
13348
23348
3352
13352
23352
3356
13356
23356
3360
13360
23360
3364
13364
23364
3368
13368
23368
3372
13372
23372
3376
13376
23376
3380
13380
23380
3384
13384
23384
3388
13388
23388
3392
13392
23392
3396
13396
23396
3400
13400
23400
3404
13404
23404
3408
13408
23408
3412
13412
23412
3416
13416
23416
3420
13420
23420
3424
13424
23424
3428
13428
23428
3432
13432
23432
3436
13436
23436
3440
13440
23440
3444
13444
23444
3448
13448
23448
3452
13452
23452
3456
13456
23456
3460
13460
23460
3464
13464
23464
3468
13468
23468
3472
13472
23472
3476
13476
23476
3480
13480
23480
3484
13484
23484
3488
13488
23488
3492
13492
23492
3496
13496
23496
3500
13500
23500
3504
13504
23504
3508
13508
23508
3512
13512
23512
3516
13516
23516
3520
13520
23520
3524
13524
23524
3528
13528
23528
3532
13532
23532
3536
13536
23536
3540
13540
23540
3544
13544
23544
3548
13548
23548
3552
13552
23552
3556
13556
23556
3560
13560
23560
3564
13564
23564
3568
13568
23568
3572
13572
23572
3576
13576
23576
3580
13580
23580
3584
13584
23584
3588
13588
23588
3592
13592
23592
3596
13596
23596
3600
13600
23600
3604
13604
23604
3608
13608
23608
3612
13612
23612
3616
13616
23616
3620
13620
23620
3624
13624
23624
3628
13628
23628
3632
13632
23632
3636
13636
23636
3640
13640
23640
3644
13644
23644
3648
13648
23648
3652
13652
23652
3656
13656
23656
3660
13660
23660
3664
13664
23664
3668
13668
23668
3672
13672
23672
3676
13676
23676
3680
13680
23680
3684
13684
23684
3688
13688
23688
3692
13692
23692
3696
13696
23696
3700
13700
23700
3704
13704
23704
3708
13708
23708
3712
13712
23712
3716
13716
23716
3720
13720
23720
3724
13724
23724
3728
13728
23728
3732
13732
23732
3736
13736
23736
3740
13740
23740
3744
13744
23744
3748
13748
23748
3752
13752
23752
3756
13756
23756
3760
13760
23760
3764
13764
23764
3768
13768
23768
3772
13772
23772
3776
13776
23776
3780
13780
23780
3784
13784
23784
3788
13788
23788
3792
13792
23792
3796
13796
23796
3800
13800
23800
3804
13804
23804
3808
13808
23808
3812
13812
23812
3816
13816
23816
3820
13820
23820
3824
13824
23824
3828
13828
23828
3832
13832
23832
3836
13836
23836
3840
13840
23840
3844
13844
23844
3848
13848
23848
3852
13852
23852
3856
13856
23856
3860
13860
23860
3864
13864
23864
3868
13868
23868
3872
13872
23872
3876
13876
23876
3880
13880
23880
3884
13884
23884
3888
13888
23888
3892
13892
23892
3896
13896
23896
3900
13900
23900
3904
13904
23904
3908
13908
23908
3912
13912
23912
3916
13916
23916
3920
13920
23920
3924
13924
23924
3928
13928
23928
3932
13932
23932
3936
13936
23936
3940
13940
23940
3944
13944
23944
3948
13948
23948
3952
13952
23952
3956
13956
23956
3960
13960
23960
3964
13964
23964
3968
13968
23968
3972
13972
23972
3976
13976
23976
3980
13980
23980
3984
13984
23984
3988
13988
23988
3992
13992
23992
3996
13996
23996
4000
14000
24000
4004
14004
24004
4008
14008
24008
4012
14012
24012
4016
14016
24016
4020
14020
24020
4024
14024
24024
4028
14028
24028
4032
14032
24032
4036
14036
24036
4040
14040
24040
4044
14044
24044
4048
14048
24048
4052
14052
24052
4056
14056
24056
4060
14060
24060
4064
14064
24064
4068
14068
24068
4072
14072
24072
4076
14076
24076
4080
14080
24080
4084
14084
24084
4088
14088
24088
4092
14092
24092
4096
14096
24096
4100
14100
24100
4104
14104
24104
4108
14108
24108
4112
14112
24112
4116
14116
24116
4120
14120
24120
4124
14124
24124
4128
14128
24128
4132
14132
24132
4136
14136
24136
4140
14140
24140
4144
14144
24144
4148
14148
24148
4152
14152
24152
4156
14156
24156
4160
14160
24160
4164
14164
24164
4168
14168
24168
4172
14172
24172
4176
14176
24176
4180
14180
24180
4184
14184
24184
4188
14188
24188
4192
14192
24192
4196
14196
24196
4200
14200
24200
4204
14204
24204
4208
14208
24208
4212
14212
24212
4216
14216
24216
4220
14220
24220
4224
14224
24224
4228
14228
24228
4232
14232
24232
4236
14236
24236
4240
14240
24240
4244
14244
24244
4248
14248
24248
4252
14252
24252
4256
14256
24256
4260
14260
24260
4264
14264
24264
4268
14268
24268
4272
14272
24272
4276
14276
24276
4280
14280
24280
4284
14284
24284
4288
14288
24288
4292
14292
24292
4296
14296
24296
4300
14300
24300
4304
14304
24304
4308
14308
24308
4312
14312
24312
4316
14316
24316
4320
14320
24320
4324
14324
24324
4328
14328
24328
4332
14332
24332
4336
14336
24336
4340
14340
24340
4344
14344
24344
4348
14348
24348
4352
14352
24352
4356
14356
24356
4360
14360
24360
4364
14364
24364
4368
14368
24368
4372
14372
24372
4376
14376
24376
4380
14380
24380
4384
14384
24384
4388
14388
24388
4392
14392
24392
4396
14396
24396
4400
14400
24400
4404
14404
24404
4408
14408
24408
4412
14412
24412
4416
14416
24416
4420
14420
24420
4424
14424
24424
4428
14428
24428
4432
14432
24432
4436
14436
24436
4440
14440
24440
4444
14444
24444
4448
14448
24448
4452
14452
24452
4456
14456
24456
4460
14460
24460
4464
14464
24464
4468
14468
24468
4472
14472
24472
4476
14476
24476
4480
14480
24480
4484
14484
24484
4488
14488
24488
4492
14492
24492
4496
14496
24496
4500
14500
24500
4504
14504
24504
4508
14508
24508
4512
14512
24512
4516
14516
24516
4520
14520
24520
4524
14524
24524
4528
14528
24528
4532
14532
24532
4536
14536
24536
4540
14540
24540
4544
14544
24544
4548
14548
24548
4552
14552
24552
4556
14556
24556
4560
14560
24560
4564
14564
24564
4568
14568
24568
4572
14572
24572
4576
14576
24576
4580
14580
24580
4584
14584
24584
4588
14588
24588
4592
14592
24592
4596
14596
24596
4600
14600
24600
4604
14604
24604
4608
14608
24608
4612
14612
24612
4616
14616
24616
4620
14620
24620
4624
14624
24624
4628
14628
24628
4632
14632
24632
4636
14636
24636
4640
14640
24640
4644
14644
24644
4648
14648
24648
4652
14652
24652
4656
14656
24656
4660
14660
24660
4664
14664
24664
4668
14668
24668
4672
14672
24672
4676
14676
24676
4680
14680
24680
4684
14684
24684
4688
14688
24688
4692
14692
24692
4696
14696
24696
4700
14700
24700
4704
14704
24704
4708
14708
24708
4712
14712
24712
4716
14716
24716
4720
14720
24720
4724
14724
24724
4728
14728
24728
4732
14732
24732
4736
14736
24736
4740
14740
24740
4744
14744
24744
4748
14748
24748
4752
14752
24752
4756
14756
24756
4760
14760
24760
4764
14764
24764
4768
14768
24768
4772
14772
24772
4776
14776
24776
4780
14780
24780
4784
14784
24784
4788
14788
24788
4792
14792
24792
4796
14796
24796
4800
14800
24800
4804
14804
24804
4808
14808
24808
4812
14812
24812
4816
14816
24816
4820
14820
24820
4824
14824
24824
4828
14828
24828
4832
14832
24832
4836
14836
24836
4840
14840
24840
4844
14844
24844
4848
14848
24848
4852
14852
24852
4856
14856
24856
4860
14860
24860
4864
14864
24864
4868
14868
24868
4872
14872
24872
4876
14876
24876
4880
14880
24880
4884
14884
24884
4888
14888
24888
4892
14892
24892
4896
14896
24896
4900
14900
24900
4904
14904
24904
4908
14908
24908
4912
14912
24912
4916
14916
24916
4920
14920
24920
4924
14924
24924
4928
14928
24928
4932
14932
24932
4936
14936
24936
4940
14940
24940
4944
14944
24944
4948
14948
24948
4952
14952
24952
4956
14956
24956
4960
14960
24960
4964
14964
24964
4968
14968
24968
4972
14972
24972
4976
14976
24976
4980
14980
24980
4984
14984
24984
4988
14988
24988
4992
14992
24992
4996
14996
24996
5000
15000
25000
5004
15004
25004
5008
15008
25008
5012
15012
25012
5016
15016
25016
5020
15020
25020
5024
15024
25024
5028
15028
25028
5032
15032
25032
5036
15036
25036
5040
15040
25040
5044
15044
25044
5048
15048
25048
5052
15052
25052
5056
15056
25056
5060
15060
25060
5064
15064
25064
5068
15068
25068
5072
15072
25072
5076
15076
25076
5080
15080
25080
5084
15084
25084
5088
15088
25088
5092
15092
25092
5096
15096
25096
5100
15100
25100
5104
15104
25104
5108
15108
25108
5112
15112
25112
5116
15116
25116
5120
15120
25120
5124
15124
25124
5128
15128
25128
5132
15132
25132
5136
15136
25136
5140
15140
25140
5144
15144
25144
5148
15148
25148
5152
15152
25152
5156
15156
25156
5160
15160
25160
5164
15164
25164
5168
15168
25168
5172
15172
25172
5176
15176
25176
5180
15180
25180
5184
15184
25184
5188
15188
25188
5192
15192
25192
5196
15196
25196
5200
15200
25200
5204
15204
25204
5208
15208
25208
5212
15212
25212
5216
15216
25216
5220
15220
25220
5224
15224
25224
5228
15228
25228
5232
15232
25232
5236
15236
25236
5240
15240
25240
5244
15244
25244
5248
15248
25248
5252
15252
25252
5256
15256
25256
5260
15260
25260
5264
15264
25264
5268
15268
25268
5272
15272
25272
5276
15276
25276
5280
15280
25280
5284
15284
25284
5288
15288
25288
5292
15292
25292
5296
15296
25296
5300
15300
25300
5304
15304
25304
5308
15308
25308
5312
15312
25312
5316
15316
25316
5320
15320
25320
5324
15324
25324
5328
15328
25328
5332
15332
25332
5336
15336
25336
5340
15340
25340
5344
15344
25344
5348
15348
25348
5352
15352
25352
5356
15356
25356
5360
15360
25360
5364
15364
25364
5368
15368
25368
5372
15372
25372
5376
15376
25376
5380
15380
25380
5384
15384
25384
5388
15388
25388
5392
15392
25392
5396
15396
25396
5400
15400
25400
5404
15404
25404
5408
15408
25408
5412
15412
25412
5416
15416
25416
5420
15420
25420
5424
15424
25424
5428
15428
25428
5432
15432
25432
5436
15436
25436
5440
15440
25440
5444
15444
25444
5448
15448
25448
5452
15452
25452
5456
15456
25456
5460
15460
25460
5464
15464
25464
5468
15468
25468
5472
15472
25472
5476
15476
25476
5480
15480
25480
5484
15484
25484
5488
15488
25488
5492
15492
25492
5496
15496
25496
5500
15500
25500
5504
15504
25504
5508
15508
25508
5512
15512
25512
5516
15516
25516
5520
15520
25520
5524
15524
25524
5528
15528
25528
5532
15532
25532
5536
15536
25536
5540
15540
25540
5544
15544
25544
5548
15548
25548
5552
15552
25552
5556
15556
25556
5560
15560
25560
5564
15564
25564
5568
15568
25568
5572
15572
25572
5576
15576
25576
5580
15580
25580
5584
15584
25584
5588
15588
25588
5592
15592
25592
5596
15596
25596
5600
15600
25600
5604
15604
25604
5608
15608
25608
5612
15612
25612
5616
15616
25616
5620
15620
25620
5624
15624
25624
5628
15628
25628
5632
15632
25632
5636
15636
25636
5640
15640
25640
5644
15644
25644
5648
15648
25648
5652
15652
25652
5656
15656
25656
5660
15660
25660
5664
15664
25664
5668
15668
25668
5672
15672
25672
5676
15676
25676
5680
15680
25680
5684
15684
25684
5688
15688
25688
5692
15692
25692
5696
15696
25696
5700
15700
25700
5704
15704
25704
5708
15708
25708
5712
15712
25712
5716
15716
25716
5720
15720
25720
5724
15724
25724
5728
15728
25728
5732
15732
25732
5736
15736
25736
5740
15740
25740
5744
15744
25744
5748
15748
25748
5752
15752
25752
5756
15756
25756
5760
15760
25760
5764
15764
25764
5768
15768
25768
5772
15772
25772
5776
15776
25776
5780
15780
25780
5784
15784
25784
5788
15788
25788
5792
15792
25792
5796
15796
25796
5800
15800
25800
5804
15804
25804
5808
15808
25808
5812
15812
25812
5816
15816
25816
5820
15820
25820
5824
15824
25824
5828
15828
25828
5832
15832
25832
5836
15836
25836
5840
15840
25840
5844
15844
25844
5848
15848
25848
5852
15852
25852
5856
15856
25856
5860
15860
25860
5864
15864
25864
5868
15868
25868
5872
15872
25872
5876
15876
25876
5880
15880
25880
5884
15884
25884
5888
15888
25888
5892
15892
25892
5896
15896
25896
5900
15900
25900
5904
15904
25904
5908
15908
25908
5912
15912
25912
5916
15916
25916
5920
15920
25920
5924
15924
25924
5928
15928
25928
5932
15932
25932
5936
15936
25936
5940
15940
25940
5944
15944
25944
5948
15948
25948
5952
15952
25952
5956
15956
25956
5960
15960
25960
5964
15964
25964
5968
15968
25968
5972
15972
25972
5976
15976
25976
5980
15980
25980
5984
15984
25984
5988
15988
25988
5992
15992
25992
5996
15996
25996
6000
16000
26000
6004
16004
26004
6008
16008
26008
6012
16012
26012
6016
16016
26016
6020
16020
26020
6024
16024
26024
6028
16028
26028
6032
16032
26032
6036
16036
26036
6040
16040
26040
6044
16044
26044
6048
16048
26048
6052
16052
26052
6056
16056
26056
6060
16060
26060
6064
16064
26064
6068
16068
26068
6072
16072
26072
6076
16076
26076
6080
16080
26080
6084
16084
26084
6088
16088
26088
6092
16092
26092
6096
16096
26096
6100
16100
26100
6104
16104
26104
6108
16108
26108
6112
16112
26112
6116
16116
26116
6120
16120
26120
6124
16124
26124
6128
16128
26128
6132
16132
26132
6136
16136
26136
6140
16140
26140
6144
16144
26144
6148
16148
26148
6152
16152
26152
6156
16156
26156
6160
16160
26160
6164
16164
26164
6168
16168
26168
6172
16172
26172
6176
16176
26176
6180
16180
26180
6184
16184
26184
6188
16188
26188
6192
16192
26192
6196
16196
26196
6200
16200
26200
6204
16204
26204
6208
16208
26208
6212
16212
26212
6216
16216
26216
6220
16220
26220
6224
16224
26224
6228
16228
26228
6232
16232
26232
6236
16236
26236
6240
16240
26240
6244
16244
26244
6248
16248
26248
6252
16252
26252
6256
16256
26256
6260
16260
26260
6264
16264
26264
6268
16268
26268
6272
16272
26272
6276
16276
26276
6280
16280
26280
6284
16284
26284
6288
16288
26288
6292
16292
26292
6296
16296
26296
6300
16300
26300
6304
16304
26304
6308
16308
26308
6312
16312
26312
6316
16316
26316
6320
16320
26320
6324
16324
26324
6328
16328
26328
6332
16332
26332
6336
16336
26336
6340
16340
26340
6344
16344
26344
6348
16348
26348
6352
16352
26352
6356
16356
26356
6360
16360
26360
6364
16364
26364
6368
16368
26368
6372
16372
26372
6376
16376
26376
6380
16380
26380
6384
16384
26384
6388
16388
26388
6392
16392
26392
6396
16396
26396
6400
16400
26400
6404
16404
26404
6408
16408
26408
6412
16412
26412
6416
16416
26416
6420
16420
26420
6424
16424
26424
6428
16428
26428
6432
16432
26432
6436
16436
26436
6440
16440
26440
6444
16444
26444
6448
16448
26448
6452
16452
26452
6456
16456
26456
6460
16460
26460
6464
16464
26464
6468
16468
26468
6472
16472
26472
6476
16476
26476
6480
16480
26480
6484
16484
26484
6488
16488
26488
6492
16492
26492
6496
16496
26496
6500
16500
26500
6504
16504
26504
6508
16508
26508
6512
16512
26512
6516
16516
26516
6520
16520
26520
6524
16524
26524
6528
16528
26528
6532
16532
26532
6536
16536
26536
6540
16540
26540
6544
16544
26544
6548
16548
26548
6552
16552
26552
6556
16556
26556
6560
16560
26560
6564
16564
26564
6568
16568
26568
6572
16572
26572
6576
16576
26576
6580
16580
26580
6584
16584
26584
6588
16588
26588
6592
16592
26592
6596
16596
26596
6600
16600
26600
6604
16604
26604
6608
16608
26608
6612
16612
26612
6616
16616
26616
6620
16620
26620
6624
16624
26624
6628
16628
26628
6632
16632
26632
6636
16636
26636
6640
16640
26640
6644
16644
26644
6648
16648
26648
6652
16652
26652
6656
16656
26656
6660
16660
26660
6664
16664
26664
6668
16668
26668
6672
16672
26672
6676
16676
26676
6680
16680
26680
6684
16684
26684
6688
16688
26688
6692
16692
26692
6696
16696
26696
6700
16700
26700
6704
16704
26704
6708
16708
26708
6712
16712
26712
6716
16716
26716
6720
16720
26720
6724
16724
26724
6728
16728
26728
6732
16732
26732
6736
16736
26736
6740
16740
26740
6744
16744
26744
6748
16748
26748
6752
16752
26752
6756
16756
26756
6760
16760
26760
6764
16764
26764
6768
16768
26768
6772
16772
26772
6776
16776
26776
6780
16780
26780
6784
16784
26784
6788
16788
26788
6792
16792
26792
6796
16796
26796
6800
16800
26800
6804
16804
26804
6808
16808
26808
6812
16812
26812
6816
16816
26816
6820
16820
26820
6824
16824
26824
6828
16828
26828
6832
16832
26832
6836
16836
26836
6840
16840
26840
6844
16844
26844
6848
16848
26848
6852
16852
26852
6856
16856
26856
6860
16860
26860
6864
16864
26864
6868
16868
26868
6872
16872
26872
6876
16876
26876
6880
16880
26880
6884
16884
26884
6888
16888
26888
6892
16892
26892
6896
16896
26896
6900
16900
26900
6904
16904
26904
6908
16908
26908
6912
16912
26912
6916
16916
26916
6920
16920
26920
6924
16924
26924
6928
16928
26928
6932
16932
26932
6936
16936
26936
6940
16940
26940
6944
16944
26944
6948
16948
26948
6952
16952
26952
6956
16956
26956
6960
16960
26960
6964
16964
26964
6968
16968
26968
6972
16972
26972
6976
16976
26976
6980
16980
26980
6984
16984
26984
6988
16988
26988
6992
16992
26992
6996
16996
26996
7000
17000
27000
7004
17004
27004
7008
17008
27008
7012
17012
27012
7016
17016
27016
7020
17020
27020
7024
17024
27024
7028
17028
27028
7032
17032
27032
7036
17036
27036
7040
17040
27040
7044
17044
27044
7048
17048
27048
7052
17052
27052
7056
17056
27056
7060
17060
27060
7064
17064
27064
7068
17068
27068
7072
17072
27072
7076
17076
27076
7080
17080
27080
7084
17084
27084
7088
17088
27088
7092
17092
27092
7096
17096
27096
7100
17100
27100
7104
17104
27104
7108
17108
27108
7112
17112
27112
7116
17116
27116
7120
17120
27120
7124
17124
27124
7128
17128
27128
7132
17132
27132
7136
17136
27136
7140
17140
27140
7144
17144
27144
7148
17148
27148
7152
17152
27152
7156
17156
27156
7160
17160
27160
7164
17164
27164
7168
17168
27168
7172
17172
27172
7176
17176
27176
7180
17180
27180
7184
17184
27184
7188
17188
27188
7192
17192
27192
7196
17196
27196
7200
17200
27200
7204
17204
27204
7208
17208
27208
7212
17212
27212
7216
17216
27216
7220
17220
27220
7224
17224
27224
7228
17228
27228
7232
17232
27232
7236
17236
27236
7240
17240
27240
7244
17244
27244
7248
17248
27248
7252
17252
27252
7256
17256
27256
7260
17260
27260
7264
17264
27264
7268
17268
27268
7272
17272
27272
7276
17276
27276
7280
17280
27280
7284
17284
27284
7288
17288
27288
7292
17292
27292
7296
17296
27296
7300
17300
27300
7304
17304
27304
7308
17308
27308
7312
17312
27312
7316
17316
27316
7320
17320
27320
7324
17324
27324
7328
17328
27328
7332
17332
27332
7336
17336
27336
7340
17340
27340
7344
17344
27344
7348
17348
27348
7352
17352
27352
7356
17356
27356
7360
17360
27360
7364
17364
27364
7368
17368
27368
7372
17372
27372
7376
17376
27376
7380
17380
27380
7384
17384
27384
7388
17388
27388
7392
17392
27392
7396
17396
27396
7400
17400
27400
7404
17404
27404
7408
17408
27408
7412
17412
27412
7416
17416
27416
7420
17420
27420
7424
17424
27424
7428
17428
27428
7432
17432
27432
7436
17436
27436
7440
17440
27440
7444
17444
27444
7448
17448
27448
7452
17452
27452
7456
17456
27456
7460
17460
27460
7464
17464
27464
7468
17468
27468
7472
17472
27472
7476
17476
27476
7480
17480
27480
7484
17484
27484
7488
17488
27488
7492
17492
27492
7496
17496
27496
7500
17500
27500
7504
17504
27504
7508
17508
27508
7512
17512
27512
7516
17516
27516
7520
17520
27520
7524
17524
27524
7528
17528
27528
7532
17532
27532
7536
17536
27536
7540
17540
27540
7544
17544
27544
7548
17548
27548
7552
17552
27552
7556
17556
27556
7560
17560
27560
7564
17564
27564
7568
17568
27568
7572
17572
27572
7576
17576
27576
7580
17580
27580
7584
17584
27584
7588
17588
27588
7592
17592
27592
7596
17596
27596
7600
17600
27600
7604
17604
27604
7608
17608
27608
7612
17612
27612
7616
17616
27616
7620
17620
27620
7624
17624
27624
7628
17628
27628
7632
17632
27632
7636
17636
27636
7640
17640
27640
7644
17644
27644
7648
17648
27648
7652
17652
27652
7656
17656
27656
7660
17660
27660
7664
17664
27664
7668
17668
27668
7672
17672
27672
7676
17676
27676
7680
17680
27680
7684
17684
27684
7688
17688
27688
7692
17692
27692
7696
17696
27696
7700
17700
27700
7704
17704
27704
7708
17708
27708
7712
17712
27712
7716
17716
27716
7720
17720
27720
7724
17724
27724
7728
17728
27728
7732
17732
27732
7736
17736
27736
7740
17740
27740
7744
17744
27744
7748
17748
27748
7752
17752
27752
7756
17756
27756
7760
17760
27760
7764
17764
27764
7768
17768
27768
7772
17772
27772
7776
17776
27776
7780
17780
27780
7784
17784
27784
7788
17788
27788
7792
17792
27792
7796
17796
27796
7800
17800
27800
7804
17804
27804
7808
17808
27808
7812
17812
27812
7816
17816
27816
7820
17820
27820
7824
17824
27824
7828
17828
27828
7832
17832
27832
7836
17836
27836
7840
17840
27840
7844
17844
27844
7848
17848
27848
7852
17852
27852
7856
17856
27856
7860
17860
27860
7864
17864
27864
7868
17868
27868
7872
17872
27872
7876
17876
27876
7880
17880
27880
7884
17884
27884
7888
17888
27888
7892
17892
27892
7896
17896
27896
7900
17900
27900
7904
17904
27904
7908
17908
27908
7912
17912
27912
7916
17916
27916
7920
17920
27920
7924
17924
27924
7928
17928
27928
7932
17932
27932
7936
17936
27936
7940
17940
27940
7944
17944
27944
7948
17948
27948
7952
17952
27952
7956
17956
27956
7960
17960
27960
7964
17964
27964
7968
17968
27968
7972
17972
27972
7976
17976
27976
7980
17980
27980
7984
17984
27984
7988
17988
27988
7992
17992
27992
7996
17996
27996
8000
18000
28000
8004
18004
28004
8008
18008
28008
8012
18012
28012
8016
18016
28016
8020
18020
28020
8024
18024
28024
8028
18028
28028
8032
18032
28032
8036
18036
28036
8040
18040
28040
8044
18044
28044
8048
18048
28048
8052
18052
28052
8056
18056
28056
8060
18060
28060
8064
18064
28064
8068
18068
28068
8072
18072
28072
8076
18076
28076
8080
18080
28080
8084
18084
28084
8088
18088
28088
8092
18092
28092
8096
18096
28096
8100
18100
28100
8104
18104
28104
8108
18108
28108
8112
18112
28112
8116
18116
28116
8120
18120
28120
8124
18124
28124
8128
18128
28128
8132
18132
28132
8136
18136
28136
8140
18140
28140
8144
18144
28144
8148
18148
28148
8152
18152
28152
8156
18156
28156
8160
18160
28160
8164
18164
28164
8168
18168
28168
8172
18172
28172
8176
18176
28176
8180
18180
28180
8184
18184
28184
8188
18188
28188
8192
18192
28192
8196
18196
28196
8200
18200
28200
8204
18204
28204
8208
18208
28208
8212
18212
28212
8216
18216
28216
8220
18220
28220
8224
18224
28224
8228
18228
28228
8232
18232
28232
8236
18236
28236
8240
18240
28240
8244
18244
28244
8248
18248
28248
8252
18252
28252
8256
18256
28256
8260
18260
28260
8264
18264
28264
8268
18268
28268
8272
18272
28272
8276
18276
28276
8280
18280
28280
8284
18284
28284
8288
18288
28288
8292
18292
28292
8296
18296
28296
8300
18300
28300
8304
18304
28304
8308
18308
28308
8312
18312
28312
8316
18316
28316
8320
18320
28320
8324
18324
28324
8328
18328
28328
8332
18332
28332
8336
18336
28336
8340
18340
28340
8344
18344
28344
8348
18348
28348
8352
18352
28352
8356
18356
28356
8360
18360
28360
8364
18364
28364
8368
18368
28368
8372
18372
28372
8376
18376
28376
8380
18380
28380
8384
18384
28384
8388
18388
28388
8392
18392
28392
8396
18396
28396
8400
18400
28400
8404
18404
28404
8408
18408
28408
8412
18412
28412
8416
18416
28416
8420
18420
28420
8424
18424
28424
8428
18428
28428
8432
18432
28432
8436
18436
28436
8440
18440
28440
8444
18444
28444
8448
18448
28448
8452
18452
28452
8456
18456
28456
8460
18460
28460
8464
18464
28464
8468
18468
28468
8472
18472
28472
8476
18476
28476
8480
18480
28480
8484
18484
28484
8488
18488
28488
8492
18492
28492
8496
18496
28496
8500
18500
28500
8504
18504
28504
8508
18508
28508
8512
18512
28512
8516
18516
28516
8520
18520
28520
8524
18524
28524
8528
18528
28528
8532
18532
28532
8536
18536
28536
8540
18540
28540
8544
18544
28544
8548
18548
28548
8552
18552
28552
8556
18556
28556
8560
18560
28560
8564
18564
28564
8568
18568
28568
8572
18572
28572
8576
18576
28576
8580
18580
28580
8584
18584
28584
8588
18588
28588
8592
18592
28592
8596
18596
28596
8600
18600
28600
8604
18604
28604
8608
18608
28608
8612
18612
28612
8616
18616
28616
8620
18620
28620
8624
18624
28624
8628
18628
28628
8632
18632
28632
8636
18636
28636
8640
18640
28640
8644
18644
28644
8648
18648
28648
8652
18652
28652
8656
18656
28656
8660
18660
28660
8664
18664
28664
8668
18668
28668
8672
18672
28672
8676
18676
28676
8680
18680
28680
8684
18684
28684
8688
18688
28688
8692
18692
28692
8696
18696
28696
8700
18700
28700
8704
18704
28704
8708
18708
28708
8712
18712
28712
8716
18716
28716
8720
18720
28720
8724
18724
28724
8728
18728
28728
8732
18732
28732
8736
18736
28736
8740
18740
28740
8744
18744
28744
8748
18748
28748
8752
18752
28752
8756
18756
28756
8760
18760
28760
8764
18764
28764
8768
18768
28768
8772
18772
28772
8776
18776
28776
8780
18780
28780
8784
18784
28784
8788
18788
28788
8792
18792
28792
8796
18796
28796
8800
18800
28800
8804
18804
28804
8808
18808
28808
8812
18812
28812
8816
18816
28816
8820
18820
28820
8824
18824
28824
8828
18828
28828
8832
18832
28832
8836
18836
28836
8840
18840
28840
8844
18844
28844
8848
18848
28848
8852
18852
28852
8856
18856
28856
8860
18860
28860
8864
18864
28864
8868
18868
28868
8872
18872
28872
8876
18876
28876
8880
18880
28880
8884
18884
28884
8888
18888
28888
8892
18892
28892
8896
18896
28896
8900
18900
28900
8904
18904
28904
8908
18908
28908
8912
18912
28912
8916
18916
28916
8920
18920
28920
8924
18924
28924
8928
18928
28928
8932
18932
28932
8936
18936
28936
8940
18940
28940
8944
18944
28944
8948
18948
28948
8952
18952
28952
8956
18956
28956
8960
18960
28960
8964
18964
28964
8968
18968
28968
8972
18972
28972
8976
18976
28976
8980
18980
28980
8984
18984
28984
8988
18988
28988
8992
18992
28992
8996
18996
28996
9000
19000
29000
9004
19004
29004
9008
19008
29008
9012
19012
29012
9016
19016
29016
9020
19020
29020
9024
19024
29024
9028
19028
29028
9032
19032
29032
9036
19036
29036
9040
19040
29040
9044
19044
29044
9048
19048
29048
9052
19052
29052
9056
19056
29056
9060
19060
29060
9064
19064
29064
9068
19068
29068
9072
19072
29072
9076
19076
29076
9080
19080
29080
9084
19084
29084
9088
19088
29088
9092
19092
29092
9096
19096
29096
9100
19100
29100
9104
19104
29104
9108
19108
29108
9112
19112
29112
9116
19116
29116
9120
19120
29120
9124
19124
29124
9128
19128
29128
9132
19132
29132
9136
19136
29136
9140
19140
29140
9144
19144
29144
9148
19148
29148
9152
19152
29152
9156
19156
29156
9160
19160
29160
9164
19164
29164
9168
19168
29168
9172
19172
29172
9176
19176
29176
9180
19180
29180
9184
19184
29184
9188
19188
29188
9192
19192
29192
9196
19196
29196
9200
19200
29200
9204
19204
29204
9208
19208
29208
9212
19212
29212
9216
19216
29216
9220
19220
29220
9224
19224
29224
9228
19228
29228
9232
19232
29232
9236
19236
29236
9240
19240
29240
9244
19244
29244
9248
19248
29248
9252
19252
29252
9256
19256
29256
9260
19260
29260
9264
19264
29264
9268
19268
29268
9272
19272
29272
9276
19276
29276
9280
19280
29280
9284
19284
29284
9288
19288
29288
9292
19292
29292
9296
19296
29296
9300
19300
29300
9304
19304
29304
9308
19308
29308
9312
19312
29312
9316
19316
29316
9320
19320
29320
9324
19324
29324
9328
19328
29328
9332
19332
29332
9336
19336
29336
9340
19340
29340
9344
19344
29344
9348
19348
29348
9352
19352
29352
9356
19356
29356
9360
19360
29360
9364
19364
29364
9368
19368
29368
9372
19372
29372
9376
19376
29376
9380
19380
29380
9384
19384
29384
9388
19388
29388
9392
19392
29392
9396
19396
29396
9400
19400
29400
9404
19404
29404
9408
19408
29408
9412
19412
29412
9416
19416
29416
9420
19420
29420
9424
19424
29424
9428
19428
29428
9432
19432
29432
9436
19436
29436
9440
19440
29440
9444
19444
29444
9448
19448
29448
9452
19452
29452
9456
19456
29456
9460
19460
29460
9464
19464
29464
9468
19468
29468
9472
19472
29472
9476
19476
29476
9480
19480
29480
9484
19484
29484
9488
19488
29488
9492
19492
29492
9496
19496
29496
9500
19500
29500
9504
19504
29504
9508
19508
29508
9512
19512
29512
9516
19516
29516
9520
19520
29520
9524
19524
29524
9528
19528
29528
9532
19532
29532
9536
19536
29536
9540
19540
29540
9544
19544
29544
9548
19548
29548
9552
19552
29552
9556
19556
29556
9560
19560
29560
9564
19564
29564
9568
19568
29568
9572
19572
29572
9576
19576
29576
9580
19580
29580
9584
19584
29584
9588
19588
29588
9592
19592
29592
9596
19596
29596
9600
19600
29600
9604
19604
29604
9608
19608
29608
9612
19612
29612
9616
19616
29616
9620
19620
29620
9624
19624
29624
9628
19628
29628
9632
19632
29632
9636
19636
29636
9640
19640
29640
9644
19644
29644
9648
19648
29648
9652
19652
29652
9656
19656
29656
9660
19660
29660
9664
19664
29664
9668
19668
29668
9672
19672
29672
9676
19676
29676
9680
19680
29680
9684
19684
29684
9688
19688
29688
9692
19692
29692
9696
19696
29696
9700
19700
29700
9704
19704
29704
9708
19708
29708
9712
19712
29712
9716
19716
29716
9720
19720
29720
9724
19724
29724
9728
19728
29728
9732
19732
29732
9736
19736
29736
9740
19740
29740
9744
19744
29744
9748
19748
29748
9752
19752
29752
9756
19756
29756
9760
19760
29760
9764
19764
29764
9768
19768
29768
9772
19772
29772
9776
19776
29776
9780
19780
29780
9784
19784
29784
9788
19788
29788
9792
19792
29792
9796
19796
29796
9800
19800
29800
9804
19804
29804
9808
19808
29808
9812
19812
29812
9816
19816
29816
9820
19820
29820
9824
19824
29824
9828
19828
29828
9832
19832
29832
9836
19836
29836
9840
19840
29840
9844
19844
29844
9848
19848
29848
9852
19852
29852
9856
19856
29856
9860
19860
29860
9864
19864
29864
9868
19868
29868
9872
19872
29872
9876
19876
29876
9880
19880
29880
9884
19884
29884
9888
19888
29888
9892
19892
29892
9896
19896
29896
9900
19900
29900
9904
19904
29904
9908
19908
29908
9912
19912
29912
9916
19916
29916
9920
19920
29920
9924
19924
29924
9928
19928
29928
9932
19932
29932
9936
19936
29936
9940
19940
29940
9944
19944
29944
9948
19948
29948
9952
19952
29952
9956
19956
29956
9960
19960
29960
9964
19964
29964
9968
19968
29968
9972
19972
29972
9976
19976
29976
9980
19980
29980
9984
19984
29984
9988
19988
29988
9992
19992
29992
9996
19996
29996
